{
  "F_default": 8.0,
  "array_layout": "state_dim_by_time_by_trajectory",
  "benchmark_id": "lorenz96_k40_f8_fullobs_v1_smoke",
  "burn_in_steps": 200,
  "burn_in_time": 2.0,
  "created_at": "2026-04-29T12:01:00.526",
  "dataset_version": "0.1.0-dev",
  "diagnostics": {
    "F": 8.0,
    "active_trajectory_count": 6,
    "all_states_finite": true,
    "array_layout": "state_dim_by_time",
    "boundary_index_check_passed": true,
    "burn_in_time": 2.0,
    "coordinate_mean": [
      2.1853266746207898,
      2.807528354347166,
      1.8626834463337583,
      1.9277511330829336,
      2.801630473626849,
      2.117443130849492,
      2.126180331718564,
      2.2483365815148075,
      2.547623593505912,
      2.4161602651358702,
      2.583150182624746,
      2.7832479879330987,
      2.1037360518874553,
      2.30278527512783,
      2.9110714083728,
      2.53857530218955,
      2.496276720862982,
      2.719958184241388,
      2.096178444762009,
      2.3426614276202664,
      2.50544844213122,
      2.277736883904346,
      2.4600725290753642,
      1.9774733907213713,
      1.861815477583396,
      2.264911450977465,
      2.3311328069554142,
      1.946214381038754,
      2.1869287261436616,
      2.3355746497144434,
      2.6494095984167,
      1.9814749251974064,
      2.0848470063655546,
      2.3924561144718695,
      2.602907285285306,
      2.856491453336117,
      2.2373854509623663,
      2.305345800501845,
      2.967606893926083,
      1.9547238918294794
    ],
    "coordinate_mean_max": 2.967606893926083,
    "coordinate_mean_min": 1.861815477583396,
    "coordinate_mean_range": 1.105791416342687,
    "coordinate_variance": [
      10.601254998731534,
      13.213832231215523,
      13.152830842414744,
      11.352778717994157,
      15.828415854126598,
      13.793213679345472,
      14.560440652026585,
      12.168006282532229,
      12.362653586758663,
      11.305885231142453,
      13.637698751487873,
      12.487170171980647,
      9.522722642987,
      11.4827077957622,
      12.903219243652181,
      16.802250776502103,
      13.976015912248949,
      14.566530789767693,
      12.31564445394179,
      12.902681036144335,
      14.979055611674148,
      12.474703955540079,
      12.561934942162166,
      13.044755965724532,
      13.149159988953777,
      11.91279496529688,
      13.297850987315254,
      10.180916640411649,
      13.157957650703457,
      11.740372239469462,
      13.808439767016187,
      15.100008956311667,
      12.192244387614044,
      13.087608108799024,
      12.950348917922414,
      15.300645874829042,
      16.075695631956183,
      11.61410544381816,
      14.66664904505321,
      12.588254492980546
    ],
    "coordinate_variance_max": 16.802250776502103,
    "coordinate_variance_min": 9.522722642987,
    "coordinate_variance_range": 7.279528133515102,
    "divergence": -40.0,
    "dt": 0.01,
    "energy_max": 24.335934650267514,
    "energy_mean": 18.69215014573835,
    "energy_mean_by_trajectory": [
      20.327804280111643,
      18.45963660544852,
      18.613866926976108,
      17.52112118133184,
      18.591888931214037,
      18.638582949347924
    ],
    "energy_min": 14.362553904398814,
    "family": "v1_core",
    "formal_passed": false,
    "full_state_observation_error_max": 0.0,
    "num_trajectories": 6,
    "one_step_window_counts": {
      "test": 500,
      "train": 2000,
      "val": 500
    },
    "rk4_self_residual_max": 0.0,
    "rollout_window_counts": {
      "h100": {
        "test": 401,
        "train": 1604,
        "val": 401
      },
      "h25": {
        "test": 476,
        "train": 1904,
        "val": 476
      }
    },
    "smoke_passed": true,
    "spatial_mean_max": 3.479881984412973,
    "spatial_mean_mean": 2.352456553222411,
    "spatial_mean_min": 1.3461125941038088,
    "split_counts": {
      "test": 1,
      "train": 4,
      "val": 1
    },
    "standard_passed": false,
    "state_covariance": [
      [
        10.601254998731525,
        0.8678716535971283,
        -4.345804714826446,
        -2.2677677872283404,
        1.042601481964957,
        2.8601388107832015,
        0.39982404638416763,
        -0.9496469221878279,
        0.15702344092167878,
        -0.7834675001809293,
        1.6330737950991778,
        1.6137115929772121,
        1.2201566415378964,
        -0.46484894634439883,
        1.282833690780408,
        -1.2032451626431542,
        0.023464136096112004,
        2.466084871709469,
        0.14579939661590346,
        -1.1629196857726003,
        -2.9270365266360745,
        -0.7083211629875724,
        -0.03272532434001596,
        1.0865705686544533,
        0.9499039042074872,
        1.7089004359569688,
        -0.36844204622396737,
        -0.040628583417688935,
        0.3587134686190697,
        0.043636303876691915,
        -1.708781886242753,
        0.098311821237873,
        -0.8198375524593065,
        1.2723122153106077,
        -0.3124581138934388,
        -0.22874129706265958,
        1.5877379163025784,
        -0.43349735714378834,
        -3.340673146335599,
        0.5706554790400613
      ],
      [
        0.8678716535971283,
        13.213832231215541,
        1.377405462456682,
        -4.390520214424982,
        -1.4504803536001398,
        1.170745564020941,
        1.0816458259177364,
        0.1447145059227774,
        -0.22677962205638627,
        -1.3144647341645457,
        -0.3147114905711132,
        1.3565932342166387,
        0.76264654863775,
        -0.2746451207240404,
        0.022698592637933845,
        -0.4973848830737349,
        0.10399659566269062,
        -3.169889630168637,
        0.685015686798384,
        0.42447945532228737,
        0.506260407811859,
        0.19707404502753628,
        0.5398078523665545,
        0.3165649134565077,
        1.1392042733337748,
        -0.15360312936775855,
        -1.1947365892734132,
        1.0329154702934171,
        1.592896739990463,
        0.19224585828196156,
        -0.918133285982273,
        1.8759866161914578,
        0.2531530973461822,
        0.0934519044284052,
        -0.010930702725153205,
        0.12605639817032604,
        -1.6509860358060597,
        2.5966551819820642,
        0.39267617825981277,
        -6.05355147245645
      ],
      [
        -4.345804714826446,
        1.377405462456682,
        13.152830842414726,
        1.1146962239491176,
        -4.7261798198835105,
        -2.644095787876835,
        -0.9847935876405143,
        1.745291549564731,
        -0.2907080835842202,
        -0.013875994075382802,
        -0.011643360498383179,
        -1.5192621396322084,
        -1.3708087354198155,
        0.01024304669924792,
        3.5014007939894243,
        0.27228638699350827,
        -2.268523227479691,
        -1.2259184685118125,
        2.12593285843178,
        1.312502773536899,
        -0.3341207809469697,
        0.06389778217676215,
        0.11328070959173453,
        0.16845329546425775,
        0.6225080995943688,
        0.24133682972935203,
        -0.7275190514454474,
        0.28658492307403866,
        0.5292079041379946,
        0.30152444057083166,
        -2.425715901398592,
        -0.9902769159374473,
        1.3045555426157285,
        1.161201027981732,
        0.3805539533514328,
        0.5843191056083065,
        -3.5037976823654606,
        -0.7623160462068889,
        0.8846652045592192,
        -2.1562862183055453
      ],
      [
        -2.2677677872283404,
        -4.390520214424982,
        1.1146962239491176,
        11.352778717994168,
        1.5021437675553786,
        -4.087035132827769,
        -2.763986782185301,
        1.2190391809800023,
        0.8917985063742762,
        1.4348903037450589,
        -0.6750564000875359,
        -0.3548858213349932,
        -1.2835981102316998,
        -0.3716645853157143,
        -0.2370657182645945,
        5.060746484532757,
        0.8499957802138897,
        -1.0217524175841874,
        -0.6312160114964847,
        0.03821161029832811,
        3.006989685841148,
        0.34594428624176193,
        -0.8456345231092494,
        -1.0139662964734308,
        -2.056311447528357,
        -0.5233724742525179,
        0.785781166409359,
        0.021670402429746743,
        -0.8435298910012224,
        1.3449669361454915,
        -0.4391803900998046,
        -4.654139470954444,
        0.35148517168429555,
        0.19865667647728702,
        1.9768536287190561,
        1.2412199015963887,
        -2.943631558244102,
        -0.29223923912608585,
        -0.38923586194191595,
        1.6298291816097528
      ],
      [
        1.042601481964957,
        -1.4504803536001398,
        -4.7261798198835105,
        1.5021437675553786,
        15.82841585412659,
        0.5077451553930261,
        -4.9449069030688095,
        -1.1569238389167387,
        1.0562811447727418,
        -0.011508153129035519,
        -0.062042228730669974,
        -0.2869940712517755,
        -0.21734779701998225,
        -1.6248598944849977,
        -1.3854328672622525,
        1.9222506789222529,
        1.4337336601939275,
        -0.16515589506797979,
        -1.2671316734429345,
        -0.8776934744153561,
        2.1445095660915428,
        0.9880162265458664,
        -1.413608277356227,
        -0.5174072746584136,
        0.9283317922851008,
        -0.29536061135652336,
        -1.765582958233054,
        -0.6462614678996109,
        -0.2658792079231219,
        1.0313443247584972,
        0.44659535779921544,
        -0.884735748973115,
        -0.5364572339474819,
        -4.570414789171018,
        -0.27452197758543684,
        2.9742974901339716,
        1.8941248224647589,
        -0.22668464225970372,
        -0.48943447103902343,
        1.3150264089158334
      ],
      [
        2.8601388107832015,
        1.170745564020941,
        -2.644095787876835,
        -4.087035132827769,
        0.5077451553930261,
        13.793213679345454,
        1.7485873475396707,
        -4.611462503879934,
        -0.11011188132146635,
        1.099029891527308,
        -0.808755814351915,
        0.1985467347331032,
        0.809730832832258,
        -0.7679840533615382,
        -1.8737617441243521,
        -2.1015301840511356,
        0.4512976299065783,
        4.319081150780796,
        -1.850677091180694,
        -1.893700969642811,
        -1.3033053963499306,
        -0.046155868850096156,
        3.8483327761813535,
        1.6880630910911414,
        -0.16798211120819612,
        -0.5166878683348306,
        -0.2964310699300027,
        -0.11157146984678616,
        1.138382962991093,
        1.8819258958576117,
        1.3422197144148775,
        0.32772926948437686,
        -0.9918344318319781,
        1.2017494254921346,
        -3.0937603230867947,
        0.07288936438551302,
        1.4604981016071414,
        -1.1435452407880395,
        0.8396178542186203,
        -1.6130243838297706
      ],
      [
        0.39982404638416763,
        1.0816458259177364,
        -0.9847935876405143,
        -2.763986782185301,
        -4.9449069030688095,
        1.7485873475396707,
        14.560440652026632,
        1.6708507819585745,
        -4.7121031763827235,
        -1.2939389638935643,
        1.778419199626612,
        1.0906789503862402,
        0.006139885620842232,
        2.0416871187952883,
        1.156390195039324,
        -2.5755535868478687,
        -0.09689102064559255,
        0.7511717181384981,
        1.9789311419561173,
        0.008846455549352313,
        -2.421041788720275,
        -1.8267831597209945,
        2.494114184132696,
        2.534623606116526,
        0.44487166516879606,
        -0.2003626900888445,
        -0.6076381402077321,
        -0.5515654545693028,
        -1.3877548760799685,
        0.34963345839997734,
        0.17604897703283448,
        2.6274482625381714,
        1.4321911538210428,
        0.8752454517573408,
        -1.0511068634047973,
        -3.6252876003899153,
        1.9702730137510391,
        1.65035229482315,
        0.3121850682662353,
        -0.6591801097050332
      ],
      [
        -0.9496469221878279,
        0.1447145059227774,
        1.745291549564731,
        1.2190391809800023,
        -1.1569238389167387,
        -4.611462503879934,
        1.6708507819585745,
        12.1680062825322,
        0.6535922197886131,
        -3.8780175362297,
        -2.3844217517338704,
        -0.15963843934525396,
        -0.952909295246319,
        0.5179019508461542,
        0.49465454135911546,
        1.1002576714773018,
        -0.07564695698595846,
        -1.9998385632130091,
        1.924107984651737,
        1.2076082230940535,
        -1.3948971221767257,
        -3.926301934529336,
        -1.6925167258929776,
        3.0358192880058743,
        2.0750729061246553,
        -1.9431009972429094,
        -1.5719735260378893,
        -0.9007607592299566,
        -0.08247030175656803,
        0.6801683955777226,
        -0.32670688867574993,
        1.3902299243978258,
        2.823343819670814,
        -0.17635479048649272,
        -1.3263930263115382,
        -3.169157155793426,
        -1.0068427104654147,
        0.5318546319205327,
        2.61558243695527,
        0.1339623340720531
      ],
      [
        0.15702344092167878,
        -0.22677962205638627,
        -0.2907080835842202,
        0.8917985063742762,
        1.0562811447727418,
        -0.11011188132146635,
        -4.7121031763827235,
        0.6535922197886131,
        12.362653586758652,
        1.5539896418989014,
        -5.125500254906763,
        -1.9990383314175746,
        0.4118720288530972,
        -1.3439465156524906,
        -1.908507986184555,
        -1.9440658015690016,
        -0.4691560838294623,
        -0.6875723042601555,
        0.2853688534189585,
        2.5176036893037264,
        1.1470800934404957,
        -0.5505644412651323,
        -3.10198431232954,
        1.355219490214586,
        2.018820699597854,
        -1.25624286411506,
        0.685844540924931,
        1.4683666401082938,
        0.7357618160299857,
        0.018694266185627518,
        -1.9733461766292293,
        -1.272483516759142,
        2.9419363252127533,
        2.1734269551074137,
        -1.4681679309213849,
        -0.30637231097860873,
        -1.4815202216935448,
        -0.35000375921951987,
        0.09431219592883365,
        0.8898511176856314
      ],
      [
        -0.7834675001809293,
        -1.3144647341645457,
        -0.013875994075382802,
        1.4348903037450589,
        -0.011508153129035519,
        1.099029891527308,
        -1.2939389638935643,
        -3.8780175362297,
        1.5539896418989014,
        11.305885231142428,
        0.6812068352008877,
        -4.115472794154305,
        -1.0614893078829855,
        -0.10444804170793393,
        1.505459941978412,
        1.144764970484382,
        0.30064630328581715,
        -0.0413694318230411,
        -2.649660391506202,
        0.2263914803615761,
        3.3620139138227625,
        1.6956031768384985,
        -0.48381860561021683,
        -1.7171591777370987,
        -1.2921284454106796,
        0.9635593386589025,
        0.6644619461469454,
        0.013307379551123,
        1.926999960021707,
        0.8026811071388339,
        -0.8183543572744996,
        -3.507720529768676,
        0.15528606982645593,
        1.5287037857462584,
        0.642333695890574,
        0.14858013523786162,
        -1.8561613629330065,
        -1.9651715872297713,
        -1.060407232449289,
        1.0427092695865972
      ],
      [
        1.6330737950991778,
        -0.3147114905711132,
        -0.011643360498383179,
        -0.6750564000875359,
        -0.062042228730669974,
        -0.808755814351915,
        1.778419199626612,
        -2.3844217517338704,
        -5.125500254906763,
        0.6812068352008877,
        13.637698751487882,
        1.2257210657855486,
        -3.7202782010708044,
        1.1265068287333935,
        2.486975184119623,
        -0.13301598524696637,
        0.3805641124764057,
        -0.4256858318942021,
        -0.6465119230404436,
        0.6589416980902019,
        -0.484011199716614,
        -1.2617580794814753,
        0.24803329220467496,
        -0.8936290347305738,
        -2.23345305989303,
        1.8447948762025943,
        -0.5841505701481166,
        -1.788556255617546,
        -0.5039086603420151,
        -0.13970307720402123,
        0.048224563749512964,
        -1.4610242347947928,
        -0.5475055798193639,
        -1.5561167948861732,
        1.6561565632956994,
        -0.1671726518372664,
        1.176304900966944,
        1.035161154375645,
        -1.014229019186983,
        0.16230734090987303
      ],
      [
        1.6137115929772121,
        1.3565932342166387,
        -1.5192621396322084,
        -0.3548858213349932,
        -0.2869940712517755,
        0.1985467347331032,
        1.0906789503862402,
        -0.15963843934525396,
        -1.9990383314175746,
        -4.115472794154305,
        1.2257210657855486,
        12.487170171980647,
        0.819376007023673,
        -4.060107806949091,
        -1.0462893504158544,
        1.486849872351276,
        1.573098629154943,
        -0.7662101023398503,
        -0.24137902214162338,
        -0.9616923825091435,
        1.01822343203135,
        -0.25755006498984284,
        0.1270255082730341,
        1.467101741130263,
        0.038434385312157544,
        0.21577430143341889,
        0.20301106437137195,
        0.008885929791650867,
        -1.39963465306348,
        -0.3052497634966896,
        2.342643531575303,
        0.581747482304285,
        -0.08633388832480343,
        -0.262056764402653,
        -1.3080059746049106,
        0.7439442784471747,
        3.6740336830749256,
        -0.4431859496833602,
        0.4310337610345392,
        -1.7154971077861372
      ],
      [
        1.2201566415378964,
        0.76264654863775,
        -1.3708087354198155,
        -1.2835981102316998,
        -0.21734779701998225,
        0.809730832832258,
        0.006139885620842232,
        -0.952909295246319,
        0.4118720288530972,
        -1.0614893078829855,
        -3.7202782010708044,
        0.819376007023673,
        9.522722642986988,
        -0.055014491330893825,
        -5.055753962067054,
        -2.083384096763855,
        1.4344627346153782,
        1.450664049972384,
        0.6825882495589591,
        -0.1505289152334273,
        -1.2507111425920774,
        2.3140728855357735,
        -0.5031046181151121,
        -0.2026421528975243,
        2.1474257024858914,
        0.23370309022889502,
        1.260107439492821,
        1.247046021436285,
        -0.3769388076489282,
        -2.6102932509304924,
        0.11935070165216227,
        3.1375356273967383,
        -0.6235583026793106,
        -0.9687468369388909,
        -1.1459655372944437,
        0.9485578630209778,
        1.225958451825673,
        0.05037890806992161,
        0.7002003415640357,
        -2.1318751841288175
      ],
      [
        -0.46484894634439883,
        -0.2746451207240404,
        0.01024304669924792,
        -0.3716645853157143,
        -1.6248598944849977,
        -0.7679840533615382,
        2.0416871187952883,
        0.5179019508461542,
        -1.3439465156524906,
        -0.10444804170793393,
        1.1265068287333935,
        -4.060107806949091,
        -0.055014491330893825,
        11.482707795762247,
        -0.043759360152089644,
        -6.419304778346284,
        -0.7392589743869772,
        2.020095433217362,
        -0.03693075857486485,
        0.31079053893632635,
        -2.399964410399142,
        -2.2019400766811197,
        1.6345843996540035,
        0.6311198355896765,
        -0.6970439419479179,
        -1.7401106842227798,
        0.18803757826073478,
        0.7452257379070174,
        1.66664673237695,
        -0.07756600584084053,
        -2.8949004255807838,
        -1.4065958976999868,
        0.02870048124564374,
        0.627278507936863,
        0.9923482559228782,
        -2.2809700301333087,
        -0.11616671171369053,
        3.0087990196025145,
        -0.32138160239187913,
        0.6836127034433032
      ],
      [
        1.282833690780408,
        0.022698592637933845,
        3.5014007939894243,
        -0.2370657182645945,
        -1.3854328672622525,
        -1.8737617441243521,
        1.156390195039324,
        0.49465454135911546,
        -1.908507986184555,
        1.505459941978412,
        2.486975184119623,
        -1.0462893504158544,
        -5.055753962067054,
        -0.043759360152089644,
        12.903219243652195,
        1.241452218147029,
        -6.311768310398797,
        -0.8132211108130474,
        1.487717155097464,
        0.9316929056540829,
        -1.3444696119675348,
        -1.3896219862240666,
        0.715565056190949,
        -0.31609202404411024,
        0.6029368049577354,
        2.0962524780975667,
        -2.638527261485614,
        -1.6184551977045547,
        0.5603488631014095,
        1.7584283541653476,
        -1.5705346762777983,
        -1.0072515508638629,
        0.6764236795680656,
        1.9202470929733233,
        1.182610628028852,
        -0.5231536350693086,
        -0.7983259778616671,
        -0.9924281517114245,
        -4.040820588862915,
        1.172663729715262
      ],
      [
        -1.2032451626431542,
        -0.4973848830737349,
        0.27228638699350827,
        5.060746484532757,
        1.9222506789222529,
        -2.1015301840511356,
        -2.5755535868478687,
        1.1002576714773018,
        -1.9440658015690016,
        1.144764970484382,
        -0.13301598524696637,
        1.486849872351276,
        -2.083384096763855,
        -6.419304778346284,
        1.241452218147029,
        16.802250776502074,
        -0.1987610963110547,
        -3.881505191486112,
        0.320192144671085,
        -2.010280375799619,
        3.898089251911315,
        2.727812087245385,
        -2.25747532573328,
        -3.0935554667977043,
        0.6344259679319967,
        1.1510505780401925,
        -0.4368398685391616,
        -0.7912439574748781,
        -0.6216100973761799,
        2.5258443273447977,
        1.9533932237701899,
        -0.5837583931942513,
        -1.6345335569328174,
        -1.2413329071172494,
        1.1842874507362833,
        2.0205176193916476,
        0.11634598320654674,
        -2.886307438135693,
        -2.098101751935784,
        0.4090471000517117
      ],
      [
        0.023464136096112004,
        0.10399659566269062,
        -2.268523227479691,
        0.8499957802138897,
        1.4337336601939275,
        0.4512976299065783,
        -0.09689102064559255,
        -0.07564695698595846,
        -0.4691560838294623,
        0.30064630328581715,
        0.3805641124764057,
        1.573098629154943,
        1.4344627346153782,
        -0.7392589743869772,
        -6.311768310398797,
        -0.1987610963110547,
        13.976015912248958,
        1.1751327924932629,
        -5.399183595021306,
        -1.1668737073395006,
        1.88832617349379,
        3.112034162656838,
        0.07214428760037417,
        -2.513198924834923,
        -2.341581222279585,
        -1.1235743070094986,
        1.7717958558028395,
        0.4561105230353129,
        -1.0202477974531525,
        -0.03683901348494405,
        1.76671476354559,
        0.24882669453035447,
        0.07820592160433462,
        -1.342079517225532,
        -0.5965085589707729,
        0.5795588182865586,
        -0.7934619884202891,
        1.6426240103794638,
        1.4154439529719154,
        -1.3620102016846332
      ],
      [
        2.466084871709469,
        -3.169889630168637,
        -1.2259184685118125,
        -1.0217524175841874,
        -0.16515589506797979,
        4.319081150780796,
        0.7511717181384981,
        -1.9998385632130091,
        -0.6875723042601555,
        -0.0413694318230411,
        -0.4256858318942021,
        -0.7662101023398503,
        1.450664049972384,
        2.020095433217362,
        -0.8132211108130474,
        -3.881505191486112,
        1.1751327924932629,
        14.56653078976771,
        -1.166728282063816,
        -4.131270754721013,
        -3.9676122537568674,
        1.2454029463478644,
        5.007087583184874,
        -0.38940461838429274,
        -2.2545777070275133,
        -0.45441637130794993,
        0.25686898284124815,
        -0.18561886604326477,
        0.8887177791407184,
        -0.9437441396978974,
        -1.2710301017065093,
        0.6035525020542815,
        -0.8874226125985301,
        -0.6643834927307564,
        1.4170706957733343,
        0.008145617135530242,
        0.04290593572814437,
        -0.050099818015255496,
        0.9995598328193502,
        1.6755759250077817
      ],
      [
        0.14579939661590346,
        0.685015686798384,
        2.12593285843178,
        -0.6312160114964847,
        -1.2671316734429345,
        -1.850677091180694,
        1.9789311419561173,
        1.924107984651737,
        0.2853688534189585,
        -2.649660391506202,
        -0.6465119230404436,
        -0.24137902214162338,
        0.6825882495589591,
        -0.03693075857486485,
        1.487717155097464,
        0.320192144671085,
        -5.399183595021306,
        -1.166728282063816,
        12.315644453941792,
        0.6322063249689289,
        -6.086685142186845,
        -1.6675595222540314,
        -0.7792982680169515,
        2.915226087751059,
        2.9126322355187795,
        0.5694702501479972,
        -2.1052428657410673,
        -0.9030784264411408,
        1.1636639559221844,
        0.7897441039265566,
        -0.26296080344664957,
        -0.5511691568828415,
        1.5145452150796739,
        0.02522628887420745,
        -0.42287593074634755,
        0.889776613198664,
        1.438869798594994,
        -1.5056938015083523,
        -0.9397194895796999,
        1.9314280733095766
      ],
      [
        -1.1629196857726003,
        0.42447945532228737,
        1.312502773536899,
        0.03821161029832811,
        -0.8776934744153561,
        -1.893700969642811,
        0.008846455549352313,
        1.2076082230940535,
        2.5176036893037264,
        0.2263914803615761,
        0.6589416980902019,
        -0.9616923825091435,
        -0.1505289152334273,
        0.31079053893632635,
        0.9316929056540829,
        -2.010280375799619,
        -1.1668737073395006,
        -4.131270754721013,
        0.6322063249689289,
        12.902681036144353,
        2.8357546874655193,
        -5.159075600756765,
        -3.7003421044915985,
        0.2738797277690789,
        2.434828350398995,
        1.580610493634039,
        0.5576562724257593,
        -0.9335642386609746,
        -3.356865902241766,
        1.5463483550944108,
        2.3615203878865483,
        -0.21843703836310135,
        1.0000381161645242,
        0.2502178864489363,
        0.26789712485976963,
        -0.6067490296774741,
        1.2887887038391777,
        -0.86986487254421,
        -0.7177621578897663,
        -0.9375475674364173
      ],
      [
        -2.9270365266360745,
        0.506260407811859,
        -0.3341207809469697,
        3.006989685841148,
        2.1445095660915428,
        -1.3033053963499306,
        -2.421041788720275,
        -1.3948971221767257,
        1.1470800934404957,
        3.3620139138227625,
        -0.484011199716614,
        1.01822343203135,
        -1.2507111425920774,
        -2.399964410399142,
        -1.3444696119675348,
        3.898089251911315,
        1.88832617349379,
        -3.9676122537568674,
        -6.086685142186845,
        2.8357546874655193,
        14.97905561167413,
        -0.15001399879991278,
        -3.615871595778254,
        -2.471168403060946,
        -1.7876315931760216,
        1.8323295590266258,
        2.789059785635107,
        -0.046199287439984964,
        -2.4465644067036387,
        0.6017602762173078,
        1.480110219882165,
        -0.9824573642335509,
        -0.6529100114047872,
        -0.025968956233434523,
        -0.5382635894867563,
        1.0347786479631782,
        -0.4521053236567259,
        1.8245035658649058,
        0.25320870717098626,
        -1.6872764466423704
      ],
      [
        -0.7083211629875724,
        0.19707404502753628,
        0.06389778217676215,
        0.34594428624176193,
        0.9880162265458664,
        -0.046155868850096156,
        -1.8267831597209945,
        -3.926301934529336,
        -0.5505644412651323,
        1.6956031768384985,
        -1.2617580794814753,
        -0.25755006498984284,
        2.3140728855357735,
        -2.2019400766811197,
        -1.3896219862240666,
        2.727812087245385,
        3.112034162656838,
        1.2454029463478644,
        -1.6675595222540314,
        -5.159075600756765,
        -0.15001399879991278,
        12.474703955540077,
        0.9314106911960128,
        -4.759241520722616,
        -1.1593004502360371,
        -0.063450651570191,
        1.0169910941792617,
        2.3763610303466285,
        3.5680919854914763,
        -2.5772350569581906,
        -2.229128481009642,
        1.45916420323812,
        -0.13252847077805904,
        -1.5890200477727356,
        -0.21545473923704858,
        4.322950301700175,
        0.15682025828463902,
        1.3175226493529149,
        0.21970772830302557,
        -0.9598642887066364
      ],
      [
        -0.03272532434001596,
        0.5398078523665545,
        0.11328070959173453,
        -0.8456345231092494,
        -1.413608277356227,
        3.8483327761813535,
        2.494114184132696,
        -1.6925167258929776,
        -3.10198431232954,
        -0.48381860561021683,
        0.24803329220467496,
        0.1270255082730341,
        -0.5031046181151121,
        1.6345843996540035,
        0.715565056190949,
        -2.25747532573328,
        0.07214428760037417,
        5.007087583184874,
        -0.7792982680169515,
        -3.7003421044915985,
        -3.615871595778254,
        0.9314106911960128,
        12.561934942162177,
        0.9287278694615925,
        -4.350950785635354,
        -2.5120466760709994,
        -0.8534340133417927,
        1.2492871990205603,
        0.2810520182113132,
        0.7669443000378552,
        0.5171512162075751,
        -1.0478802562081428,
        -0.2983836163754803,
        0.6970173861810572,
        0.42803277772847725,
        -1.5763818859129446,
        -0.6386333910733637,
        2.07012258280474,
        1.5027488438358643,
        0.46470254014211393
      ],
      [
        1.0865705686544533,
        0.3165649134565077,
        0.16845329546425775,
        -1.0139662964734308,
        -0.5174072746584136,
        1.6880630910911414,
        2.534623606116526,
        3.0358192880058743,
        1.355219490214586,
        -1.7171591777370987,
        -0.8936290347305738,
        1.467101741130263,
        -0.2026421528975243,
        0.6311198355896765,
        -0.31609202404411024,
        -3.0935554667977043,
        -2.513198924834923,
        -0.38940461838429274,
        2.915226087751059,
        0.2738797277690789,
        -2.471168403060946,
        -4.759241520722616,
        0.9287278694615925,
        13.044755965724518,
        0.7870750707927796,
        -5.170810431056537,
        -2.656337213499982,
        -0.5607067841476094,
        1.4379320689756796,
        2.0309025842277126,
        0.9705250533893993,
        -1.3807955590607448,
        -0.7355599109226847,
        -0.9897820213313829,
        -2.914058683941868,
        -1.426434926572939,
        1.5852061041509111,
        -1.432836299291745,
        0.5504836527633798,
        -0.5351169104336271
      ],
      [
        0.9499039042074872,
        1.1392042733337748,
        0.6225080995943688,
        -2.056311447528357,
        0.9283317922851008,
        -0.16798211120819612,
        0.44487166516879606,
        2.0750729061246553,
        2.018820699597854,
        -1.2921284454106796,
        -2.23345305989303,
        0.038434385312157544,
        2.1474257024858914,
        -0.6970439419479179,
        0.6029368049577354,
        0.6344259679319967,
        -2.341581222279585,
        -2.2545777070275133,
        2.9126322355187795,
        2.434828350398995,
        -1.7876315931760216,
        -1.1593004502360371,
        -4.350950785635354,
        0.7870750707927796,
        13.149159988953796,
        1.267131684460262,
        -5.811934657448421,
        -1.4100072962422416,
        0.6141676812897793,
        1.4398851223191946,
        1.2665715159648059,
        2.0546532163464644,
        -0.38396089185080895,
        -0.3440572520314028,
        0.34089298015995045,
        0.9348467436470639,
        -0.8134427803024198,
        -2.3205541218919583,
        -1.0310668120974484,
        -0.6944298031617901
      ],
      [
        1.7089004359569688,
        -0.15360312936775855,
        0.24133682972935203,
        -0.5233724742525179,
        -0.29536061135652336,
        -0.5166878683348306,
        -0.2003626900888445,
        -1.9431009972429094,
        -1.25624286411506,
        0.9635593386589025,
        1.8447948762025943,
        0.21577430143341889,
        0.23370309022889502,
        -1.7401106842227798,
        2.0962524780975667,
        1.1510505780401925,
        -1.1235743070094986,
        -0.45441637130794993,
        0.5694702501479972,
        1.580610493634039,
        1.8323295590266258,
        -0.063450651570191,
        -2.5120466760709994,
        -5.170810431056537,
        1.267131684460262,
        11.912794965296861,
        0.44778563657849507,
        -4.349933076051247,
        -2.233002446515103,
        0.08288812819543957,
        1.2918606012397957,
        1.4845815586388489,
        0.06937779837698956,
        2.6005739025460475,
        0.7108515927960513,
        1.7572415041637326,
        1.4490835647369045,
        -1.4541096082284333,
        -2.974241182019706,
        0.13348401418595737
      ],
      [
        -0.36844204622396737,
        -1.1947365892734132,
        -0.7275190514454474,
        0.785781166409359,
        -1.765582958233054,
        -0.2964310699300027,
        -0.6076381402077321,
        -1.5719735260378893,
        0.685844540924931,
        0.6644619461469454,
        -0.5841505701481166,
        0.20301106437137195,
        1.260107439492821,
        0.18803757826073478,
        -2.638527261485614,
        -0.4368398685391616,
        1.7717958558028395,
        0.25686898284124815,
        -2.1052428657410673,
        0.5576562724257593,
        2.789059785635107,
        1.0169910941792617,
        -0.8534340133417927,
        -2.656337213499982,
        -5.811934657448421,
        0.44778563657849507,
        13.297850987315261,
        1.2157079798575026,
        -4.745446873776609,
        -3.433295398421331,
        -0.20658164805976778,
        1.6312653506466785,
        1.852042930481156,
        0.4492448451506365,
        -2.3473658359598177,
        0.8895667920276679,
        2.6421754231935197,
        2.004446822554341,
        -1.044179295227901,
        -1.218837480921535
      ],
      [
        -0.040628583417688935,
        1.0329154702934171,
        0.28658492307403866,
        0.021670402429746743,
        -0.6462614678996109,
        -0.11157146984678616,
        -0.5515654545693028,
        -0.9007607592299566,
        1.4683666401082938,
        0.013307379551123,
        -1.788556255617546,
        0.008885929791650867,
        1.247046021436285,
        0.7452257379070174,
        -1.6184551977045547,
        -0.7912439574748781,
        0.4561105230353129,
        -0.18561886604326477,
        -0.9030784264411408,
        -0.9335642386609746,
        -0.046199287439984964,
        2.3763610303466285,
        1.2492871990205603,
        -0.5607067841476094,
        -1.4100072962422416,
        -4.349933076051247,
        1.2157079798575026,
        10.180916640411649,
        1.494827854514868,
        -4.717210706934996,
        -3.4493630266984177,
        -0.7645519886304214,
        0.04954847516262623,
        -1.1186603197652447,
        1.1271738643670077,
        0.15622963382415372,
        -1.8035876197368015,
        1.6776644418851525,
        1.0151147319421086,
        0.4229952365619869
      ],
      [
        0.3587134686190697,
        1.592896739990463,
        0.5292079041379946,
        -0.8435298910012224,
        -0.2658792079231219,
        1.138382962991093,
        -1.3877548760799685,
        -0.08247030175656803,
        0.7357618160299857,
        1.926999960021707,
        -0.5039086603420151,
        -1.39963465306348,
        -0.3769388076489282,
        1.66664673237695,
        0.5603488631014095,
        -0.6216100973761799,
        -1.0202477974531525,
        0.8887177791407184,
        1.1636639559221844,
        -3.356865902241766,
        -2.4465644067036387,
        3.5680919854914763,
        0.2810520182113132,
        1.4379320689756796,
        0.6141676812897793,
        -2.233002446515103,
        -4.745446873776609,
        1.494827854514868,
        13.157957650703478,
        0.26977688168022096,
        -5.8809681000768,
        -3.501818958982954,
        -0.35907833788003657,
        0.9909036763916951,
        -0.8192014180474568,
        -0.3983752759039126,
        -1.9848628096120329,
        0.06551855230157337,
        1.605752065044376,
        1.2279155409759113
      ],
      [
        0.043636303876691915,
        0.19224585828196156,
        0.30152444057083166,
        1.3449669361454915,
        1.0313443247584972,
        1.8819258958576117,
        0.34963345839997734,
        0.6801683955777226,
        0.018694266185627518,
        0.8026811071388339,
        -0.13970307720402123,
        -0.3052497634966896,
        -2.6102932509304924,
        -0.07756600584084053,
        1.7584283541653476,
        2.5258443273447977,
        -0.03683901348494405,
        -0.9437441396978974,
        0.7897441039265566,
        1.5463483550944108,
        0.6017602762173078,
        -2.5772350569581906,
        0.7669443000378552,
        2.0309025842277126,
        1.4398851223191946,
        0.08288812819543957,
        -3.433295398421331,
        -4.717210706934996,
        0.26977688168022096,
        11.740372239469453,
        1.664120671879582,
        -5.130160028123481,
        0.25291672337339893,
        0.9380643183263391,
        -0.639225175527261,
        0.08720971874230378,
        0.21305558452810297,
        -2.129484420563462,
        -0.5998123530644359,
        1.557902576275663
      ],
      [
        -1.708781886242753,
        -0.918133285982273,
        -2.425715901398592,
        -0.4391803900998046,
        0.44659535779921544,
        1.3422197144148775,
        0.17604897703283448,
        -0.32670688867574993,
        -1.9733461766292293,
        -0.8183543572744996,
        0.048224563749512964,
        2.342643531575303,
        0.11935070165216227,
        -2.8949004255807838,
        -1.5705346762777983,
        1.9533932237701899,
        1.76671476354559,
        -1.2710301017065093,
        -0.26296080344664957,
        2.3615203878865483,
        1.480110219882165,
        -2.229128481009642,
        0.5171512162075751,
        0.9705250533893993,
        1.2665715159648059,
        1.2918606012397957,
        -0.20658164805976778,
        -3.4493630266984177,
        -5.8809681000768,
        1.664120671879582,
        13.808439767016228,
        1.3064662092252894,
        -4.187956926185515,
        -2.6499668904008735,
        -0.36667875808245665,
        2.886263964060112,
        2.7899508037147625,
        -3.6156893516257975,
        -0.8012265126371967,
        0.9207278238505521
      ],
      [
        0.098311821237873,
        1.8759866161914578,
        -0.9902769159374473,
        -4.654139470954444,
        -0.884735748973115,
        0.32772926948437686,
        2.6274482625381714,
        1.3902299243978258,
        -1.272483516759142,
