{
  "F_default": 8.0,
  "array_layout": "state_dim_by_time_by_trajectory",
  "benchmark_id": "lorenz96_k40_f8_fullobs_v1_standard",
  "burn_in_steps": 1000,
  "burn_in_time": 10.0,
  "created_at": "2026-04-29T12:01:31.165",
  "dataset_version": "0.1.0-dev",
  "diagnostics": {
    "F": 8.0,
    "active_trajectory_count": 48,
    "all_states_finite": true,
    "array_layout": "state_dim_by_time",
    "boundary_index_check_passed": true,
    "burn_in_time": 10.0,
    "coordinate_mean": [
      2.3858005976053995,
      2.2625122345769806,
      2.286000358284127,
      2.4307931757059427,
      2.3502914839057603,
      2.2895485974177707,
      2.3490756610869097,
      2.389745508837733,
      2.256201271444641,
      2.3301535399840367,
      2.3487818942291003,
      2.323065830661856,
      2.2986987463637134,
      2.354969786026378,
      2.350407654803804,
      2.3228178858283095,
      2.3733194053724085,
      2.3262628960699545,
      2.2511209011928375,
      2.3667048739398786,
      2.4239700346808077,
      2.283732101888747,
      2.336953340658345,
      2.453684267217031,
      2.349504479215945,
      2.282272363111689,
      2.4441079923918414,
      2.3645802623482246,
      2.2882893011819525,
      2.3339591668422863,
      2.335427874015151,
      2.284969034515547,
      2.326001713814648,
      2.365218850213973,
      2.382525932687873,
      2.347653664196939,
      2.3346789939421595,
      2.314343518516467,
      2.3495659647804654,
      2.3998220769208527
    ],
    "coordinate_mean_max": 2.453684267217031,
    "coordinate_mean_min": 2.2511209011928375,
    "coordinate_mean_range": 0.20256336602419367,
    "coordinate_variance": [
      13.519063796476683,
      12.94259055978112,
      13.04343937145207,
      13.300746785608787,
      13.23285210633216,
      13.452083121574756,
      12.74455098485574,
      13.517182250224385,
      13.274905187759247,
      13.531670547411178,
      13.484898386668224,
      13.286758670862282,
      13.496806017399502,
      13.057379321674016,
      13.254596810215672,
      12.956377742339892,
      13.14924983234659,
      13.229676231403014,
      12.982810650995152,
      13.107541120756387,
      13.39245855889485,
      13.155431016712429,
      13.238811757558171,
      13.600626625794453,
      13.827432357888055,
      13.029292388187264,
      13.428699671562068,
      13.122082551978998,
      12.873661247903291,
      13.01303588401529,
      13.3872575151127,
      13.102465322700809,
      13.304810120156016,
      13.133715763979875,
      13.44422702187332,
      13.146666509014349,
      13.472709424617479,
      13.358994328376152,
      13.21163952849846,
      13.132096332882707
    ],
    "coordinate_variance_max": 13.827432357888055,
    "coordinate_variance_min": 12.74455098485574,
    "coordinate_variance_range": 1.0828813730323148,
    "divergence": -40.0,
    "dt": 0.01,
    "energy_max": 25.78400676795444,
    "energy_mean": 18.732000467143564,
    "energy_mean_by_trajectory": [
      18.343369499267226,
      18.219702770336717,
      18.64838937292615,
      18.914690391333867,
      19.022505666140837,
      18.766172928877033,
      18.214225377637643,
      18.652205836694367,
      18.22129001781069,
      18.355308386942035,
      18.82544621040887,
      18.778432152134254,
      19.012946829745534,
      19.33584257244921,
      18.762891385410374,
      19.00911909896381,
      18.836252331490066,
      18.625087979205297,
      18.457311897714934,
      18.687404890581504,
      18.77832585560235,
      19.0111794728748,
      19.152121559787755,
      18.975167504656675,
      18.636935386976557,
      18.785998371221545,
      19.245218845456417,
      18.951775791928025,
      18.8521850217266,
      17.941085629284892,
      19.05277663076644,
      18.959415281603,
      18.415952418347292,
      18.871818531903976,
      19.272153712129253,
      18.882847321794642,
      18.433989371638418,
      19.077740420512402,
      18.691699625522418,
      18.70547469476963,
      18.94790069936481,
      18.44705200655146,
      19.213939966705507,
      18.13790778603677,
      17.817883925165376,
      18.746029568098635,
      18.924663028239706,
      18.51818839815545
    ],
    "energy_min": 12.792546469332047,
    "family": "v1_core",
    "formal_passed": true,
    "full_state_observation_error_max": 0.0,
    "num_trajectories": 48,
    "one_step_window_counts": {
      "test": 28000,
      "train": 136000,
      "val": 28000
    },
    "rk4_self_residual_max": 0.0,
    "rollout_window_counts": {
      "h100": {
        "test": 27307,
        "train": 132634,
        "val": 27307
      },
      "h1000": {
        "test": 21007,
        "train": 102034,
        "val": 21007
      },
      "h500": {
        "test": 24507,
        "train": 119034,
        "val": 24507
      }
    },
    "smoke_passed": true,
    "spatial_mean_max": 3.6200789778377094,
    "spatial_mean_mean": 2.3411883309119577,
    "spatial_mean_min": 1.0324746980239432,
    "split_counts": {
      "test": 7,
      "train": 34,
      "val": 7
    },
    "standard_passed": true,
    "state_covariance": [
      [
        13.519063796476733,
        0.9225092952654845,
        -4.760873320145658,
        -1.7557898361864124,
        0.6863576678924039,
        1.3379933269043234,
        0.43285173603488275,
        -0.5943103449353871,
        -0.44097256410916835,
        0.03333127896273306,
        0.5085676741703484,
        0.46438008436448935,
        0.009734773098195442,
        -0.2716469724311718,
        -0.4169759402682257,
        -0.05174703403103471,
        0.30686967506581136,
        0.42212752699766926,
        -0.03216705497596137,
        -0.26685190671271425,
        -0.19923046301544986,
        0.12462722441015718,
        0.15410609783146406,
        0.08486355754725439,
        0.17467054362500886,
        -0.06299092554787428,
        -0.24761464154996682,
        -0.05715690132267703,
        0.2499205411200053,
        0.6267163707266633,
        0.10257928811453892,
        0.0021222460170283826,
        -0.7533745226934426,
        -0.855893244360592,
        0.6060918688841901,
        1.6613326776217645,
        0.9048096061975578,
        -1.7786567500375732,
        -5.018604848651882,
        0.7161108762954175
      ],
      [
        0.9225092952654845,
        12.942590559781259,
        0.9130476282083072,
        -4.884582937343665,
        -1.7286104729704357,
        0.9615260172050933,
        1.2504839159431642,
        0.3453017590224337,
        -0.661114801010814,
        -0.6367014855642634,
        -0.08408641120859793,
        0.3804952690581031,
        0.1893465712533124,
        0.13615358284184256,
        -0.42494399512529935,
        -0.03604902016989064,
        0.19383732411481083,
        0.01976954821580597,
        0.1402369245624197,
        0.20115963528424188,
        0.02884267353441307,
        -0.2138522600976571,
        -0.14558047368969312,
        0.15389469140073317,
        0.3751582710114252,
        0.19298648779231936,
        -0.3339273106356466,
        -0.1360443067015891,
        -0.02711114556374426,
        0.05922578765195145,
        0.22444179423911736,
        0.22594763139376597,
        -0.191489082579745,
        -0.6403896612847225,
        -0.49286037588796977,
        0.37213570116483624,
        1.4408451055251923,
        0.6885611602733253,
        -1.7547079714084166,
        -4.612838731534058
      ],
      [
        -4.760873320145658,
        0.9130476282083072,
        13.043439371452173,
        0.650570253915996,
        -4.84578244134428,
        -1.6154819517360244,
        0.9607175169672144,
        1.270796589716263,
        0.18967116722108154,
        -0.6970640539930084,
        -0.7295749779968781,
        0.16850025029711502,
        0.32685482564068524,
        0.25115533574957827,
        -0.28298249117458907,
        -0.3925053350090541,
        -0.2405964049765252,
        0.16807648875924866,
        0.20691344879423748,
        0.16284153236216195,
        -0.0069877715772639,
        -0.14835937414263398,
        -0.27019306849778046,
        -0.14908805476462517,
        0.3768498617359752,
        0.2194856910801481,
        -0.028106928646496037,
        -0.254036930513659,
        -0.21761186989293554,
        -0.36303655168729493,
        0.11812138375285221,
        0.1198088431435953,
        0.29784015888328347,
        0.05756075031126575,
        -0.7105495702555368,
        -0.5618672875521726,
        0.42162032332083826,
        1.278177717248458,
        0.9517005644918066,
        -1.4615068882413418
      ],
      [
        -1.7557898361864124,
        -4.884582937343665,
        0.650570253915996,
        13.300746785608759,
        1.0311389923900347,
        -4.987776672382028,
        -1.5351897801959171,
        0.9817992916434535,
        1.1345423663770686,
        0.518248677076594,
        -0.8133379450599771,
        -0.774014947793879,
        0.16346791001820962,
        0.3795432556406675,
        0.27026048369080174,
        -0.21208125850375031,
        -0.47472528267947445,
        0.06237060710504923,
        0.017665046095374122,
        -0.05365998499406072,
        0.1279858949618806,
        0.24615943785181552,
        -0.14150162162060465,
        -0.25789612301037557,
        -0.2308490829356961,
        0.06822542532698955,
        0.5155241288740626,
        0.05583793916267012,
        -0.3211832991869539,
        -0.29218778067272694,
        -0.2187586293403267,
        0.16990502448292624,
        0.5705438714913665,
        0.32304482040090815,
        -0.3522451865895374,
        -0.5873409646634656,
        -0.7265258645512738,
        0.3852073237382941,
        1.1489252935924958,
        0.9245762479714423
      ],
      [
        0.6863576678924039,
        -1.7286104729704357,
        -4.84578244134428,
        1.0311389923900347,
        13.232852106332192,
        0.6749914835463457,
        -4.487806916792414,
        -1.587451515531248,
        0.7814997361807061,
        1.282200361435322,
        0.33852056937912645,
        -0.780242413312514,
        -0.8312357130269988,
        -0.059104700106569236,
        0.4494119759821988,
        0.13188235381416538,
        -0.016087015549030425,
        0.004952113178965768,
        -0.11574292005208237,
        0.0007963092620978824,
        0.042037876184930004,
        0.10902988242550639,
        -0.0017477428335894618,
        -0.1357819712136021,
        -0.48813557552396447,
        -0.20298889007370513,
        -0.051737872267455985,
        0.4862489274909162,
        0.2093235610971523,
        -0.4269529132796008,
        -0.5228173021975566,
        0.06801749632298668,
        0.21834900699756482,
        0.5360366177478151,
        0.23609875887338916,
        -0.38653724596007305,
        -0.6853402427612013,
        -0.3997100410316595,
        0.48269256154643314,
        1.2034414786679304
      ],
      [
        1.3379933269043234,
        0.9615260172050933,
        -1.6154819517360244,
        -4.987776672382028,
        0.6749914835463457,
        13.452083121574876,
        0.856602980024981,
        -5.098547888606395,
        -1.7612907017279213,
        0.983423297012834,
        1.5676567777772914,
        0.7484630850355538,
        -0.686838822538076,
        -0.5622098180681069,
        0.12554674893364298,
        0.28227187759482475,
        0.2630368286684914,
        -0.08754204524369977,
        -0.05621061848792456,
        0.0473402005470418,
        0.20106156413859505,
        -0.10357252799706436,
        0.018342392595690333,
        0.265336019462337,
        -0.2053189218249036,
        -0.15722667181299882,
        -0.10805221126813384,
        0.5451019395507977,
        0.3935832099930126,
        0.04085348773617859,
        -0.4005866414630244,
        -0.4021371184908792,
        -0.29765623615425796,
        -0.083783358531616,
        0.3634373503478043,
        0.0576514545210291,
        -0.02497239010390705,
        -0.4065039295552842,
        -0.40700025222450786,
        0.4235774150748494
      ],
      [
        0.43285173603488275,
        1.2504839159431642,
        0.9607175169672144,
        -1.5351897801959171,
        -4.487806916792414,
        0.856602980024981,
        12.744550984855639,
        0.7124596386339263,
        -4.659852774550942,
        -1.4979215516206943,
        1.1068481915838617,
        1.4178486574884652,
        0.5429839264132483,
        -0.5254741174262183,
        -0.6973645247246115,
        -0.0023979227696999633,
        0.3223090874449174,
        0.11312433488514041,
        0.16737304302882963,
        0.11963788726839555,
        0.012613095801810822,
        -0.022031587925146985,
        0.028059242875406006,
        0.2322165401928804,
        0.31407241205702063,
        -0.19437871929220024,
        -0.22262828930663106,
        0.21091820363018624,
        -0.053580758336967564,
        0.3189621112668759,
        0.372872811607129,
        -0.14767504584263272,
        -0.5158596034416972,
        -0.09004044301525903,
        0.16928749970506868,
        0.22581690680015284,
        0.005225669339823919,
        -0.06818354961171119,
        -0.4403018419588968,
        -0.49242722339829076
      ],
      [
        -0.5943103449353871,
        0.3453017590224337,
        1.270796589716263,
        0.9817992916434535,
        -1.587451515531248,
        -5.098547888606395,
        0.7124596386339263,
        13.517182250224193,
        0.8638859064124548,
        -4.979247201140005,
        -1.884746887236419,
        0.68372526735979,
        1.5718159403428706,
        0.4341514636382434,
        -1.0285072072152475,
        -0.7789712635185518,
        0.15981454598518008,
        0.0026995611671541586,
        -0.045217070777798296,
        -0.0696725191119349,
        -0.030072852512207017,
        0.0866345026245367,
        0.07202838950816425,
        -0.12160234597453945,
        0.014519983911917635,
        -0.0012007171329515658,
        -0.09329360173424558,
        -0.2924866120556683,
        -0.2237212259827913,
        0.029432863689891096,
        0.3955567419815218,
        0.16063295118501808,
        -0.2783330812180632,
        -0.15776959663485562,
        0.03517190092322495,
        0.004789971856863445,
        0.05175570717229783,
        0.12615388440198325,
        -0.018720448960904405,
        -0.41274920811001387
      ],
      [
        -0.44097256410916835,
        -0.661114801010814,
        0.18967116722108154,
        1.1345423663770686,
        0.7814997361807061,
        -1.7612907017279213,
        -4.659852774550942,
        0.8638859064124548,
        13.274905187759375,
        0.9680673713879561,
        -4.735084238030318,
        -1.6476353169548728,
        0.6005141569218494,
        1.065541288356536,
        0.44341606194426225,
        -0.6924291673014691,
        -0.5338919352699314,
        0.17643643670153344,
        0.2090791738612127,
        -0.22957725433352136,
        -0.19718261252401278,
        0.021796006280812914,
        -0.018082133449958508,
        0.0657216654746612,
        -0.04710720153391278,
        0.18510626272027636,
        0.131899393642143,
        -0.25204969309654246,
        -0.06138397312662757,
        -0.10599946790090488,
        0.1712166200722946,
        0.45011821654943474,
        0.46342567433491144,
        0.08888713673556835,
        -0.2928633062238441,
        -0.10537518498782304,
        -0.09745838987645769,
        0.4028826659884803,
        0.133550744302701,
        0.02927995450283604
      ],
      [
        0.03333127896273306,
        -0.6367014855642634,
        -0.6970640539930084,
        0.518248677076594,
        1.282200361435322,
        0.983423297012834,
        -1.4979215516206943,
        -4.979247201140005,
        0.9680673713879561,
        13.531670547411442,
        0.897379092613988,
        -4.840714874414209,
        -1.7551820626774755,
        0.9505751193730996,
        1.4249317019699885,
        0.4672209360073685,
        -0.5480968482253872,
        -0.05444137695504257,
        0.15176383264385532,
        -0.20743566326076376,
        -0.040772647247776746,
        0.03969686802378431,
        0.010740788577812863,
        -0.15073877384571088,
        -0.03667478877498514,
        -0.025644534546385177,
        0.22032835961210184,
        0.11193912373352825,
        0.04176812038596674,
        -0.029063775808734548,
        -0.32347737244166835,
        -0.18639991911526835,
        0.4111164519957096,
        0.3599066736172018,
        0.01785118790495596,
        -0.03307448410676427,
        -0.11507891997287593,
        0.03891726235513734,
        0.3411301612864334,
        0.2944520773053741
      ],
      [
        0.5085676741703484,
        -0.08408641120859793,
        -0.7295749779968781,
        -0.8133379450599771,
        0.33852056937912645,
        1.5676567777772914,
        1.1068481915838617,
        -1.884746887236419,
        -4.735084238030318,
        0.897379092613988,
        13.484898386668004,
        0.9748219462663748,
        -4.716470054737792,
        -1.649840281586413,
        0.4933484885777898,
        1.1584818346458061,
        0.48387901654236126,
        -0.5592247927741705,
        -0.730433955857986,
        0.1930586366592209,
        0.0020438732559277355,
        0.15536900648538163,
        0.13344659998495254,
        -0.03073836358599136,
        -0.32012264346294494,
        0.1023765901927628,
        0.35705528189474867,
        0.10720141313322422,
        -0.43535384609303257,
        -0.03874598334329057,
        -0.1263711749001337,
        -0.1460109609433266,
        -0.22278061443788666,
        0.34995310707199107,
        0.2677307402269669,
        -0.08878792354196811,
        -0.028902099062816867,
        -0.32576717525512655,
        0.12398583587822294,
        0.6425763450020057
      ],
      [
        0.46438008436448935,
        0.3804952690581031,
        0.16850025029711502,
        -0.774014947793879,
        -0.780242413312514,
        0.7484630850355538,
        1.4178486574884652,
        0.68372526735979,
        -1.6476353169548728,
        -4.840714874414209,
        0.9748219462663748,
        13.286758670862314,
        0.9080218662227164,
        -4.7567898686351455,
        -1.8020605004490309,
        0.6852757088844643,
        1.2795547800840312,
        0.20873576735687993,
        -0.6981215042395382,
        -0.2898286381804151,
        -0.12529528367125542,
        0.06046496409728765,
        0.03149186123941434,
        0.19066850569154992,
        -0.044921524119390654,
        -0.04242141165105485,
        -0.41034468600309265,
        -0.03296967926395614,
        0.1703194494606209,
        0.12991238360624918,
        -0.09352206840988417,
        -0.17780615591359555,
        -0.3226825941951383,
        -0.1599220367464131,
        0.04037065102514961,
        0.1708892871746001,
        -0.0930824514576026,
        -0.21721621894832593,
        -0.2213496802576675,
        0.0529499491921151
      ],
      [
        0.009734773098195442,
        0.1893465712533124,
        0.32685482564068524,
        0.16346791001820962,
        -0.8312357130269988,
        -0.686838822538076,
        0.5429839264132483,
        1.5718159403428706,
        0.6005141569218494,
        -1.7551820626774755,
        -4.716470054737792,
        0.9080218662227164,
        13.496806017399354,
        1.0962437268263716,
        -4.809389873915097,
        -1.6243809061155485,
        0.8754476817346111,
        1.2529356820471589,
        0.47420841817546355,
        -0.8778274668412708,
        -0.6268516009980859,
        0.37772885065668266,
        0.16333233120847776,
        0.031281975141987085,
        0.019464501340423237,
        0.02086351471354655,
        -0.40380678808349013,
        -0.19569820923307965,
        0.03168151530359231,
        0.026918195730646827,
        0.29667295373046176,
        0.18903560036623063,
        -0.24746336131783686,
        -0.5070356403412187,
        -0.12934514655765025,
        0.36983434418845496,
        0.04374044140515173,
        -0.14722433633870124,
        -0.18956675778088117,
        -0.2718160921931499
      ],
      [
        -0.2716469724311718,
        0.13615358284184256,
        0.25115533574957827,
        0.3795432556406675,
        -0.059104700106569236,
        -0.5622098180681069,
        -0.5254741174262183,
        0.4341514636382434,
        1.065541288356536,
        0.9505751193730996,
        -1.649840281586413,
        -4.7567898686351455,
        1.0962437268263716,
        13.057379321673817,
        0.9487507268678812,
        -4.573605579481331,
        -1.5504825540144667,
        0.7531469289349105,
        1.403155863354409,
        0.4231672801168887,
        -0.5384682078384817,
        -0.3345295791429225,
        0.2576481394680871,
        0.21883507662548835,
        -0.2163255928909024,
        -0.17142439883716024,
        -0.0448086113516396,
        0.18335146900412846,
        0.13431380206998283,
        -0.12878162747172142,
        0.3908038657415993,
        0.21414959796891261,
        0.08795960540484075,
        -0.20292901967368074,
        0.0553457183495006,
        0.24013673976390065,
        0.1889675683709517,
        0.2531983956454719,
        -0.21758949292582358,
        -0.3397385724019511
      ],
      [
        -0.4169759402682257,
        -0.42494399512529935,
        -0.28298249117458907,
        0.27026048369080174,
        0.4494119759821988,
        0.12554674893364298,
        -0.6973645247246115,
        -1.0285072072152475,
        0.44341606194426225,
        1.4249317019699885,
        0.4933484885777898,
        -1.8020605004490309,
        -4.809389873915097,
        0.9487507268678812,
        13.25459681021573,
        0.8489928379987874,
        -4.765929842884998,
        -1.5871049697979758,
        0.6692813091736615,
        1.3155335700901547,
        0.186852553146951,
        -0.8956394543052982,
        -0.38533758590393485,
        0.2074930456877704,
        0.31712510611568556,
        0.14139254135737292,
        0.24978755832608485,
        -0.18355934558193712,
        -0.11185576235704961,
        -0.33840974852546246,
        0.047951675984171,
        0.2590709144498927,
        0.09196519291663832,
        0.07074285151417553,
        0.09507531210274674,
        -0.07425124571322035,
        0.2582913159563585,
        0.12860686760780957,
        0.1353365319554471,
        0.027121985913809214
      ],
      [
        -0.05174703403103471,
        -0.03604902016989064,
        -0.3925053350090541,
        -0.21208125850375031,
        0.13188235381416538,
        0.28227187759482475,
        -0.0023979227696999633,
        -0.7789712635185518,
        -0.6924291673014691,
        0.4672209360073685,
        1.1584818346458061,
        0.6852757088844643,
        -1.6243809061155485,
        -4.573605579481331,
        0.8489928379987874,
        12.956377742340296,
        0.8660840318112867,
        -4.760142353616481,
        -1.9024852607560694,
        0.8266826685592816,
        1.401048350631399,
        0.23088146740175106,
        -0.7567373199208095,
        -0.6707186951758914,
        0.17374085479959364,
        0.41909818871248633,
        0.17104628165161098,
        -0.13068292873180534,
        -0.17881074738929253,
        -0.05393257356683969,
        0.004832285656040383,
        0.02578072080892718,
        0.025454934497470643,
        0.1335727632981286,
        -0.11442080901886235,
        -0.17858047824853276,
        -0.06190510485757359,
        -0.09926031395485167,
        0.4055396391720244,
        0.3724157251676047
      ],
      [
        0.30686967506581136,
        0.19383732411481083,
        -0.2405964049765252,
        -0.47472528267947445,
        -0.016087015549030425,
        0.2630368286684914,
        0.3223090874449174,
        0.15981454598518008,
        -0.5338919352699314,
        -0.5480968482253872,
        0.48387901654236126,
        1.2795547800840312,
        0.8754476817346111,
        -1.5504825540144667,
        -4.765929842884998,
        0.8660840318112867,
        13.149249832346774,
        0.9268966232862779,
        -4.662061758068315,
        -1.71008703151276,
        0.978763174580568,
        1.389505308651316,
        0.4964599173094641,
        -1.00552713740927,
        -0.6272697533216395,
        0.08179562774910801,
        0.2832110608114219,
        0.31193408892527247,
        0.028486848591324502,
        0.027895173135817287,
        0.016632620004314834,
        0.13141555840927355,
        0.21098888308482996,
        0.4229732022831642,
        -0.07365680256737611,
        -0.43808863245218915,
        -0.13826953122617217,
        0.06363565790910077,
        0.06160565251974011,
        0.3262645378153931
      ],
      [
        0.42212752699766926,
        0.01976954821580597,
        0.16807648875924866,
        0.06237060710504923,
        0.004952113178965768,
        -0.08754204524369977,
        0.11312433488514041,
        0.0026995611671541586,
        0.17643643670153344,
        -0.05444137695504257,
        -0.5592247927741705,
        0.20873576735687993,
        1.2529356820471589,
        0.7531469289349105,
        -1.5871049697979758,
        -4.760142353616481,
        0.9268966232862779,
        13.229676231402978,
        0.9257312684576685,
        -4.794154313105474,
        -1.7804567197970347,
        0.8952501242976736,
        1.4693216136032072,
        0.2074500341269262,
        -1.0353707025913599,
        -0.6104675799818284,
        0.49214609350675803,
        0.25484240224949123,
        0.18529348572528262,
        0.15802787566366638,
        0.017172179540495894,
        -0.033370559905532796,
        0.27632157011280295,
        0.18082825288068755,
        -0.05323390291060526,
        0.27482347056592016,
        -0.19279881234559812,
        -0.351763325433034,
        -0.15911571601705274,
        0.01978191750316687
      ],
      [
        -0.03216705497596137,
        0.1402369245624197,
        0.20691344879423748,
        0.017665046095374122,
        -0.11574292005208237,
        -0.05621061848792456,
        0.16737304302882963,
        -0.045217070777798296,
        0.2090791738612127,
        0.15176383264385532,
        -0.730433955857986,
        -0.6981215042395382,
        0.47420841817546355,
        1.403155863354409,
        0.6692813091736615,
        -1.9024852607560694,
        -4.662061758068315,
        0.9257312684576685,
        12.982810650995505,
        0.7851179423353449,
        -4.9218606695011005,
        -1.9203730829382486,
        0.8398298524479801,
        1.5942651866794082,
        0.12097366490053264,
        -0.8225026552687646,
        -0.6533121708990028,
        0.24762218589133908,
        0.07676990831749894,
        -0.18943422424453746,
        -0.04077334503843087,
        -0.1326228790822897,
        -0.11275841033477048,
        -0.10000211461100811,
        0.21752683300936385,
        0.3726830310262573,
        0.05508830996060739,
        -0.08681014112190655,
        -0.11812774996946704,
        -0.3605131983603331
      ],
      [
        -0.26685190671271425,
        0.20115963528424188,
        0.16284153236216195,
        -0.05365998499406072,
        0.0007963092620978824,
        0.0473402005470418,
        0.11963788726839555,
        -0.0696725191119349,
        -0.22957725433352136,
        -0.20743566326076376,
        0.1930586366592209,
        -0.2898286381804151,
        -0.8778274668412708,
        0.4231672801168887,
        1.3155335700901547,
        0.8266826685592816,
        -1.71008703151276,
        -4.794154313105474,
        0.7851179423353449,
        13.107541120756574,
        0.8430312228909811,
        -4.860893706588249,
        -1.6606101683174617,
        1.176909973871657,
        1.4246149039563072,
        0.32316751647686454,
        -0.8134494046229774,
        -0.4739830944167696,
        0.09407392386798721,
        0.1655106750928856,
        -0.03466294049384885,
        -0.243936801524311,
        -0.09884730791487667,
        0.00848663376265873,
        0.008623738251367521,
        -0.10712733018257793,
        0.24339095848246403,
        0.13592893408546464,
        -0.21208529545734048,
        -0.20328028453332575
      ],
      [
        -0.19923046301544986,
        0.02884267353441307,
        -0.0069877715772639,
        0.1279858949618806,
        0.042037876184930004,
        0.20106156413859505,
        0.012613095801810822,
        -0.030072852512207017,
        -0.19718261252401278,
        -0.040772647247776746,
        0.0020438732559277355,
        -0.12529528367125542,
        -0.6268516009980859,
        -0.5384682078384817,
        0.186852553146951,
        1.401048350631399,
        0.978763174580568,
        -1.7804567197970347,
        -4.9218606695011005,
        0.8430312228909811,
        13.39245855889475,
        0.8319884927808978,
        -4.797869190082976,
        -1.828445164175496,
        1.1163809349011344,
        1.2257963103409972,
        0.2616431477515709,
        -0.5312819760295893,
        -0.2616495636512232,
        0.19907001404492264,
        -0.15897768980892085,
        0.007696178299816126,
        0.044959266962989235,
        -0.007246880486797617,
        -0.2616684245203203,
        -0.16382997743729275,
        0.190980966845348,
        0.23339169211638777,
        0.3700985767069759,
        -0.11401405200417808
      ],
      [
        0.12462722441015718,
        -0.2138522600976571,
        -0.14835937414263398,
        0.24615943785181552,
        0.10902988242550639,
        -0.10357252799706436,
        -0.022031587925146985,
        0.0866345026245367,
        0.021796006280812914,
        0.03969686802378431,
        0.15536900648538163,
        0.06046496409728765,
        0.37772885065668266,
        -0.3345295791429225,
        -0.8956394543052982,
        0.23088146740175106,
        1.389505308651316,
        0.8952501242976736,
        -1.9203730829382486,
        -4.860893706588249,
        0.8319884927808978,
        13.155431016712,
        0.7339634721538497,
        -4.884630422706554,
        -1.8258678057812385,
        0.897099642945946,
        1.2410705381356382,
        0.5432744031687278,
        -0.6485923393804792,
        -0.593487845126408,
        0.3045494466629671,
        0.4308786103254464,
        -0.06433828927871255,
        -0.1838864477392777,
        -0.11345554548341143,
        -0.05222188626143648,
        -0.3109386370161518,
        0.17655885153301598,
        0.3142375858806522,
        0.14295845058042672
      ],
      [
        0.15410609783146406,
        -0.14558047368969312,
        -0.27019306849778046,
        -0.14150162162060465,
        -0.0017477428335894618,
        0.018342392595690333,
        0.028059242875406006,
        0.07202838950816425,
        -0.018082133449958508,
        0.010740788577812863,
        0.13344659998495254,
        0.03149186123941434,
        0.16333233120847776,
        0.2576481394680871,
        -0.38533758590393485,
        -0.7567373199208095,
        0.4964599173094641,
        1.4693216136032072,
        0.8398298524479801,
        -1.6606101683174617,
        -4.797869190082976,
        0.7339634721538497,
        13.2388117575582,
        0.8176185810557397,
        -4.967905796256505,
        -1.556823357823122,
        0.8000681965003003,
        1.1576120557015153,
        0.40395917149006555,
        -0.44041418732192067,
        -0.34950996970014964,
        -0.09254689322320021,
        0.1311730145890275,
        0.13416795951311422,
        0.08969936293457711,
        -0.18411283747467944,
        -0.4428529339570031,
        -0.03898759328048428,
        0.04905876423304698,
        -0.052906662732056416
      ],
      [
        0.08486355754725439,
        0.15389469140073317,
        -0.14908805476462517,
        -0.25789612301037557,
        -0.1357819712136021,
        0.265336019462337,
        0.2322165401928804,
        -0.12160234597453945,
        0.0657216654746612,
        -0.15073877384571088,
        -0.03073836358599136,
        0.19066850569154992,
        0.031281975141987085,
        0.21883507662548835,
        0.2074930456877704,
        -0.6707186951758914,
        -1.00552713740927,
        0.2074500341269262,
        1.5942651866794082,
        1.176909973871657,
        -1.828445164175496,
        -4.884630422706554,
        0.8176185810557397,
        13.600626625794208,
        0.8870754860395109,
        -4.678160607597866,
        -1.5832155988495036,
        0.5783285098186283,
        1.0228798477968348,
        0.6171588771616474,
        -0.549598326115873,
        -0.5559261078862473,
        0.17830662536097736,
        0.1865032336660274,
        0.16143618488845898,
        -0.03819848316884264,
        0.18381984234039622,
        -0.2859055798960705,
        -0.20666561110935955,
        0.21121514161789484
      ],
      [
        0.17467054362500886,
        0.3751582710114252,
        0.3768498617359752,
        -0.2308490829356961,
        -0.48813557552396447,
        -0.2053189218249036,
        0.31407241205702063,
        0.014519983911917635,
        -0.04710720153391278,
        -0.03667478877498514,
        -0.32012264346294494,
        -0.044921524119390654,
        0.019464501340423237,
        -0.2163255928909024,
        0.31712510611568556,
        0.17374085479959364,
        -0.6272697533216395,
        -1.0353707025913599,
        0.12097366490053264,
        1.4246149039563072,
        1.1163809349011344,
        -1.8258678057812385,
        -4.967905796256505,
        0.8870754860395109,
        13.827432357887963,
        0.9615200769574455,
        -4.798138025326408,
        -1.7746035979989578,
        0.6670886174310875,
        1.035117142103131,
        0.21048819063425075,
        -0.6831495758713265,
        -0.5096033050737508,
        0.19045019301765959,
        0.2996783612177065,
        0.1401538608622616,
        -0.27314927845171855,
        0.17603323842974578,
        0.009401182666288508,
        0.022012912300695218
      ],
      [
        -0.06299092554787428,
        0.19298648779231936,
        0.2194856910801481,
        0.06822542532698955,
        -0.20298889007370513,
        -0.15722667181299882,
        -0.19437871929220024,
        -0.0012007171329515658,
        0.18510626272027636,
        -0.025644534546385177,
        0.1023765901927628,
        -0.04242141165105485,
        0.02086351471354655,
        -0.17142439883716024,
        0.14139254135737292,
        0.41909818871248633,
        0.08179562774910801,
        -0.6104675799818284,
        -0.8225026552687646,
        0.32316751647686454,
        1.2257963103409972,
        0.897099642945946,
        -1.556823357823122,
        -4.678160607597866,
        0.9615200769574455,
        13.029292388187356,
        0.912407689947437,
        -4.615651625803489,
        -1.394484433691018,
        0.7203653011723945,
        1.021617647499507,
        0.06300680360265117,
        -0.6208911551572465,
        -0.21135781954334004,
        0.12242629260132593,
        0.25088039450708455,
        -0.07329572341046271,
        0.2799272166852564,
        0.0065481648980284775,
        -0.23850344410546262
      ],
      [
        -0.24761464154996682,
        -0.3339273106356466,
        -0.028106928646496037,
        0.5155241288740626,
        -0.051737872267455985,
        -0.10805221126813384,
        -0.22262828930663106,
        -0.09329360173424558,
        0.131899393642143,
        0.22032835961210184,
        0.35705528189474867,
        -0.41034468600309265,
        -0.40380678808349013,
        -0.0448086113516396,
        0.24978755832608485,
        0.17104628165161098,
        0.2832110608114219,
        0.49214609350675803,
        -0.6533121708990028,
        -0.8134494046229774,
        0.2616431477515709,
        1.2410705381356382,
        0.8000681965003003,
        -1.5832155988495036,
        -4.798138025326408,
        0.912407689947437,
        13.428699671561997,
        0.8161125991624455,
        -4.743907467724073,
        -1.6755400030864935,
        0.89028258184304,
        1.103351501261683,
        0.5331398521625649,
        -0.4689959888073777,
        -0.739434841822003,
        0.057501333298235174,
        0.08604499518921369,
        0.10966178753181945,
        -0.13310682607316454,
        -0.22928676778599055
      ],
      [
        -0.05715690132267703,
        -0.1360443067015891,
        -0.254036930513659,
        0.05583793916267012,
        0.4862489274909162,
        0.5451019395507977,
        0.21091820363018624,
        -0.2924866120556683,
        -0.25204969309654246,
        0.11193912373352825,
        0.10720141313322422,
        -0.03296967926395614,
        -0.19569820923307965,
        0.18335146900412846,
        -0.18355934558193712,
        -0.13068292873180534,
        0.31193408892527247,
        0.25484240224949123,
        0.24762218589133908,
        -0.4739830944167696,
        -0.5312819760295893,
        0.5432744031687278,
        1.1576120557015153,
        0.5783285098186283,
        -1.7746035979989578,
        -4.615651625803489,
        0.8161125991624455,
        13.122082551978812,
        0.7315047234641054,
        -4.638571920264401,
        -1.7437096130014533,
        0.8649505289541306,
        1.0002024928526012,
        0.48384312303205873,
        -0.4646409034124847,
        -0.7468562531549306,
        -0.1283357826035761,
        0.09668411305950228,
        0.219067069059246,
        0.09879897592046238
      ],
      [
        0.2499205411200053,
        -0.02711114556374426,
        -0.21761186989293554,
        -0.3211832991869539,
        0.2093235610971523,
        0.3935832099930126,
        -0.053580758336967564,
        -0.2237212259827913,
        -0.06138397312662757,
        0.04176812038596674,
        -0.43535384609303257,
        0.1703194494606209,
        0.03168151530359231,
        0.13431380206998283,
        -0.11185576235704961,
        -0.17881074738929253,
        0.028486848591324502,
        0.18529348572528262,
        0.07676990831749894,
        0.09407392386798721,
        -0.2616495636512232,
        -0.6485923393804792,
        0.40395917149006555,
        1.0228798477968348,
        0.6670886174310875,
        -1.394484433691018,
        -4.743907467724073,
        0.7315047234641054,
        12.873661247903293,
        1.0960881088928005,
        -4.857664657315899,
        -1.5568977926840932,
        0.9733926498773441,
        1.045338456128752,
        0.2729658544821555,
        -0.7019137235053358,
        -0.47041422478535816,
        0.06098738341815643,
        0.14893313776380418,
        0.18306579501849918
      ],
      [
        0.6267163707266633,
        0.05922578765195145,
        -0.36303655168729493,
        -0.29218778067272694,
        -0.4269529132796008,
        0.04085348773617859,
        0.3189621112668759,
        0.029432863689891096,
        -0.10599946790090488,
        -0.029063775808734548,
        -0.03874598334329057,
        0.12991238360624918,
        0.026918195730646827,
        -0.12878162747172142,
        -0.33840974852546246,
        -0.05393257356683969,
        0.027895173135817287,
        0.15802787566366638,
        -0.18943422424453746,
        0.1655106750928856,
        0.19907001404492264,
        -0.593487845126408,
        -0.44041418732192067,
        0.6171588771616474,
        1.035117142103131,
        0.7203653011723945,
        -1.6755400030864935,
        -4.638571920264401,
        1.0960881088928005,
        13.01303588401529,
